0 0.216 0.347 0.093 0.128
0 0.309 0.448 0.085 0.120
0 0.267 0.565 0.106 0.145
0 0.070 0.671 0.096 0.110
0 0.154 0.709 0.088 0.099
0 0.150 0.820 0.095 0.081
0 0.060 0.491 0.085 0.102
0 0.072 0.372 0.074 0.110
0 0.145 0.505 0.074 0.127
0 0.212 0.230 0.069 0.111
0 0.287 0.237 0.068 0.115
0 0.071 0.270 0.074 0.085
0 0.285 0.703 0.085 0.105
0 0.615 0.148 0.056 0.079
0 0.664 0.100 0.063 0.082
0 0.561 0.145 0.052 0.089
0 0.424 0.099 0.046 0.073
0 0.461 0.043 0.050 0.084
0 0.875 0.135 0.062 0.102
0 0.872 0.242 0.068 0.097
0 0.893 0.323 0.060 0.079
0 0.831 0.684 0.078 0.111
0 0.902 0.887 0.089 0.130
0 0.733 0.873 0.085 0.122
0 0.774 0.749 0.074 0.111
0 0.971 0.232 0.058 0.102
0 0.930 0.447 0.081 0.095
0 0.637 0.926 0.094 0.132
