17 0.273 0.778 0.185 0.169
17 0.379 0.828 0.185 0.169
17 0.500 0.846 0.146 0.183
17 0.639 0.838 0.184 0.195
17 0.794 0.816 0.199 0.181
17 0.912 0.714 0.177 0.146
17 0.718 0.695 0.179 0.135
17 0.575 0.551 0.179 0.126
17 0.388 0.656 0.190 0.147
17 0.583 0.720 0.140 0.146
17 0.481 0.710 0.160 0.141
17 0.316 0.592 0.200 0.138
17 0.802 0.558 0.185 0.149
17 0.938 0.598 0.125 0.101
17 0.933 0.502 0.132 0.131
17 0.791 0.453 0.179 0.126
17 0.343 0.475 0.204 0.111
17 0.679 0.395 0.158 0.118
17 0.525 0.387 0.153 0.105
17 0.478 0.284 0.165 0.119
17 0.598 0.283 0.159 0.105
17 0.714 0.302 0.149 0.110
17 0.827 0.347 0.163 0.121
17 0.904 0.410 0.163 0.102
17 0.375 0.298 0.146 0.113
