14 0.399 0.320 0.138 0.137
14 0.701 0.382 0.175 0.170
14 0.683 0.552 0.160 0.168
14 0.271 0.417 0.148 0.143
14 0.690 0.216 0.163 0.165
14 0.759 0.698 0.132 0.145
14 0.412 0.771 0.140 0.142
14 0.432 0.922 0.145 0.132
14 0.603 0.882 0.155 0.133
14 0.607 0.726 0.140 0.145
14 0.168 0.838 0.123 0.113
14 0.239 0.722 0.142 0.143
14 0.261 0.574 0.142 0.148
14 0.113 0.462 0.135 0.123
14 0.072 0.833 0.085 0.133
14 0.630 0.065 0.160 0.120
14 0.792 0.079 0.155 0.152
14 0.854 0.417 0.128 0.138
14 0.893 0.708 0.133 0.158
14 0.427 0.613 0.148 0.153
14 0.417 0.141 0.165 0.145
14 0.138 0.156 0.158 0.118
14 0.121 0.290 0.158 0.137
14 0.424 0.463 0.152 0.133
